<?xml version="1.0" standalone="no"?>
<!DOCTYPE svg PUBLIC "-//W3C//DTD SVG 20010904//EN"
 "http://www.w3.org/TR/2001/REC-SVG-20010904/DTD/svg10.dtd">
<svg version="1.0" xmlns="http://www.w3.org/2000/svg"
 width="163.000000pt" height="121.000000pt" viewBox="0 0 163.000000 121.000000"
 preserveAspectRatio="xMidYMid meet">
<metadata>
Created by potrace 1.13, written by Peter Selinger 2001-2015
</metadata>
<g transform="translate(0.000000,121.000000) scale(0.100000,-0.100000)"
fill="#000000" stroke="none">
<path d="M745 1082 c-44 -43 -151 -145 -239 -227 -87 -83 -173 -165 -192 -182
-18 -18 -37 -33 -42 -33 -5 0 -12 30 -15 68 -11 108 -9 144 9 157 22 16 10 53
-19 57 -19 3 -22 9 -22 44 -1 23 -7 49 -15 59 -12 15 -15 15 -26 -7 -8 -13
-14 -41 -14 -63 -1 -38 -2 -39 -16 -20 -8 11 -12 25 -9 33 3 7 0 10 -6 6 -6
-3 -8 -15 -6 -26 4 -14 -1 -22 -19 -28 -29 -11 -30 -24 -4 -50 11 -11 20 -32
21 -47 0 -16 3 -21 6 -13 2 8 7 21 9 29 3 9 8 11 14 5 15 -15 16 -532 1 -547
-15 -15 -28 0 -34 38 -4 28 -4 27 -6 -6 -1 -26 -6 -38 -18 -41 -15 -4 -18 -16
-18 -64 l0 -59 117 -3 118 -3 0 66 c0 63 -1 65 -25 65 -24 0 -25 3 -25 58 0
31 -3 91 -5 134 -9 147 -21 153 280 -156 147 -152 272 -276 277 -276 5 0 91
75 191 168 259 238 364 332 370 332 3 0 8 -17 10 -37 2 -21 4 3 4 52 0 50 -1
81 -4 70 -3 -11 -8 -24 -12 -28 -7 -7 -372 361 -483 487 -66 74 -63 74 -153
-12z m227 -154 c75 -79 181 -190 237 -248 l101 -105 -57 -55 c-85 -81 -423
-385 -432 -388 -4 -1 -55 51 -113 115 -59 65 -163 173 -232 241 l-126 124 168
162 c215 210 306 295 313 296 3 0 67 -64 141 -142z m-831 -28 c26 -14 24 -32
-3 -28 -13 2 -24 11 -26 21 -4 20 2 21 29 7z m-15 -638 c19 -13 44 -56 44 -75
0 -17 -5 -19 -32 -13 -42 8 -46 14 -41 59 5 38 10 42 29 29z"/>
<path d="M693 863 c-23 -3 -45 -18 -78 -55 -39 -43 -45 -56 -45 -94 0 -62 30
-93 98 -101 28 -3 52 -9 52 -13 0 -4 11 -19 25 -35 22 -23 25 -33 20 -69 -11
-73 52 -174 100 -159 26 7 83 55 84 69 1 6 12 20 26 32 22 19 25 28 19 56 -5
30 0 41 40 90 55 68 57 84 14 88 -29 3 -37 11 -65 63 -18 33 -34 64 -36 69 -1
4 -32 9 -67 11 -50 2 -66 6 -68 18 -3 15 -54 39 -76 35 -6 0 -25 -3 -43 -5z"/>
<path d="M1024 435 c-4 -8 -12 -15 -20 -15 -7 0 -18 -8 -23 -18 -11 -21 3 -52
24 -52 17 0 59 76 50 90 -9 15 -25 12 -31 -5z"/>
<path d="M1461 1050 c-1 -9 -6 -21 -13 -28 -7 -7 -11 -31 -9 -53 3 -44 -12
-47 -29 -5 l-9 21 0 -22 c-1 -12 4 -25 9 -28 19 -12 -1 -25 -36 -25 -29 0 -34
-3 -34 -24 0 -14 5 -28 12 -32 8 -5 9 -2 5 10 -10 26 0 35 30 27 37 -10 42
-31 6 -32 -15 0 -22 -3 -15 -6 6 -2 13 -23 13 -46 1 -26 3 -32 6 -17 7 46 12
53 26 42 10 -9 13 -70 11 -269 0 -142 -2 -261 -3 -265 0 -5 -10 -8 -21 -8 -17
0 -20 7 -22 53 l-1 52 -6 -55 c-4 -40 -10 -55 -21 -55 -12 0 -14 -12 -11 -65
2 -36 4 -66 5 -67 1 -2 157 -5 189 -4 14 1 17 11 17 65 0 54 -3 64 -19 69 -17
4 -19 18 -25 128 -3 68 -7 194 -8 279 -3 154 -3 155 20 158 17 3 22 10 22 33
0 24 -4 29 -25 29 -20 0 -25 5 -25 24 0 14 -5 28 -10 31 -6 4 -9 14 -6 23 3
10 -1 31 -9 47 -7 17 -14 23 -14 15z m-56 -833 c21 -42 19 -47 -15 -47 -29 0
-30 1 -30 51 0 44 2 50 15 39 8 -7 21 -26 30 -43z"/>
<path d="M1391 724 c0 -11 3 -14 6 -6 3 7 2 16 -1 19 -3 4 -6 -2 -5 -13z"/>
<path d="M131 484 c0 -11 3 -14 6 -6 3 7 2 16 -1 19 -3 4 -6 -2 -5 -13z"/>
</g>
</svg>
